1
2
3
5
6
21

24, 31, 44, 76, 160, 94, 156, 10, 36, 32, 34, 30, 35, 38, 33, 43, 19, 39, 48, 23, 22
                                                 506, 38, 33, 43, 19, 39, 48, 23, 22
												 
27
28


99
112, 118, 103, 117
122

140, 111, 132, 139
170
171
172
173
174
175
176
177
178
110, 150, 179
134, 180
181
182
183
184
185
186
187
188
189
190
191
192
193
194
195
196
197
198
199
200
201
202
203
204
205
206
207
115, 208
209

41, 55, 74, 92, 59, 7, 11, 58, 97, 210

105, 72, 211

80, 81, 12, 42, 29, 62, 100, 106, 95, 86, 79, 107, 101, 84, 212

213
214
215
216
217
218
219

221
222
223
224
383, 225
226
133, 155, 227
228
229
230
231
232
233
234
235
236
237
238
239
240
241
242
243
244
114, 245

25, 26, 54, 66, 69, 61, 63, 65, 71, 64, 67, 56, 73, 70, 87, 246

247
248
249
250
251
141, 142, 146, 147, 252
50, 82, 253
109, 254
255
57, 85, 98, 256
257
258
259
260
261
9, 40, 47, 46, 262
263

265
266
75, 267
268
269
270
271
272
273
274
275
276
277
278
279
280
281
282
283
68, 284
285
286
287
288
289
290
291
292
293
294
295
296
297
298
299
300
301
302
303
304
305
306
307
308
309
310
311
312
313
314
315
316
317
318
319
320

322
323
324
325
326
327
328
329
330
331
332
333
334
335
336
337
338
125, 339
340
341
342
343
104, 83, 344
20, 345
346
347
108, 348
349
350
351
352
353
354
355
356
77, 357
358
359
360
361
362
45, 49, 363
364
365
366
367
368
369
370
371
372
373
374
375
90, 376
377
378
379
380
381
382
384
385
91, 386
387
52, 388
389
390
391
392
393
394
395
396
397
398
399
400
401
402
403
404
405
406
407
408
409
410
411
412
413
414
415
416
417
418
419
420
421
422
423
424
425
426
427
428
429
430
431
432
433
434
435
436
437
438
439
440
441
442
443
444
445
446
447
448
449
450
451
452
453
454
455
456
457
458
459
460
461
462
463
464
465
466
467
468
469
470
471
472
473
474
475
476
477
478
479
480
481
482
483
484
485
486
487
488
489
490
491
492
493
158, 494
495
496
497
498
499
500
501
502
503
504
505
507
508
509
510
1018, 849, 680, 511
1019, 850, 681, 512
851, 682, 513
852, 683, 514
853, 684, 515
854, 685, 516
136, 855, 686, 517
131, 129, 518
856, 687, 129, 518
857, 688, 519
858, 689, 520
859, 690, 521
860, 691, 522
113, 124, 137, 126, 861, 692, 523
862, 693, 524
863, 694, 525
53, 864, 695, 526
865, 696, 527
866, 697, 528
867, 698, 529
868, 699, 530
869, 700, 531
870, 701, 532
871, 702, 533
872, 703, 534
873, 704, 535
874, 705, 536
875, 706, 537
876, 707, 538
877, 708, 539
878, 709, 540
879, 710, 541
127, 128, 542
880, 711, 128, 542
881, 712, 543
882, 713, 544
883, 714, 545
884, 715, 546
885, 716, 547
886, 717, 548
887, 718, 549
888, 719, 550
889, 720, 551
890, 721, 552
891, 722, 553
892, 723, 554
893, 724, 555
894, 725, 556
51, 157, 557
895, 726, 157, 557
896, 727, 558
897, 728, 559
898, 729, 560
899, 730, 561
900, 731, 562
901, 732, 563
902, 733, 564
903, 734, 565
904, 735, 566
905, 102, 567
736, 102, 567
906, 737, 568
907, 738, 569
908, 739, 570
909, 740, 571
910, 741, 572
911, 742, 573
912, 743, 574
913, 145, 575
744, 145, 575
914, 745, 576
915, 746, 577
916, 747, 578
917, 748, 579
918, 749, 580
919, 750, 581
920, 751, 582
921, 752, 583
922, 753, 584
923, 754, 585
924, 755, 586
925, 756, 587
926, 757, 588
927, 758, 589
928, 130, 590
759, 130, 590
929, 760, 591
930, 761, 592
931, 762, 593
932, 763, 594
933, 764, 595
934, 765, 596
935, 766, 597
936, 767, 598
937, 768, 599
938, 769, 600
123, 168, 770, 601
939, 168, 770, 601
940, 771, 602
941, 772, 603
942, 773, 604
943, 774, 605
944, 775, 606
945, 776, 607
946, 777, 608
947, 778, 609
948, 779, 610
949, 780, 611
950, 781, 612
951, 782, 613
952, 783, 614
953, 784, 615
954, 785, 616
955, 786, 617
956, 787, 618
957, 788, 619
958, 789, 620
148, 790, 621
959, 148, 790, 621
960, 791, 622
961, 792, 623
962, 793, 624
963, 794, 625
964, 795, 626
965, 796, 627
966, 797, 628
967, 798, 629
13, 799, 630
968, 13, 799, 630
969, 800, 631
970, 801, 632
971, 802, 633
972, 803, 634
973, 804, 635
974, 805, 636
975, 806, 637
976, 807, 638
977, 808, 639
978, 809, 640
979, 810, 641
980, 811, 642
981, 812, 643
982, 813, 644
983, 814, 645
984, 815, 646
985, 816, 647
817, 648
987, 818, 649
988, 819, 650
144, 143, 651
989, 820, 143, 651
990, 821, 652
991, 822, 653
992, 823, 654
993, 138, 655
824, 138, 655
994, 825, 656
995, 826, 657
996, 827, 658
997, 828, 659
998, 829, 660
999, 830, 661
1000, 831, 662
1001, 832, 663
1002, 833, 664
1003, 834, 665
1004, 835, 666
1005, 836, 667
1006, 837, 668
1007, 838, 669
1008, 839, 670
1009, 840, 671
1010, 841, 672
1011, 842, 673
1012, 843, 674

149, 60, 88, 78, 89, 159, 161, 153, 151, 164, 162, 167, 152, 154, 166, 163, 675

1013, 844, 163, 675
1014, 845, 676
1015, 165, 677
846, 165, 677
1016, 847, 678
1017, 169, 679
848, 169, 679
986


FileStructur 0
FileStructur 1

ThematicSkin 3
             4, 264
tile_32.png  5
tile_64.png  6
F5D10000.gpd 8, 17, 18, 37 [OK]
584D07D1.gpd 14, 15, 16, 93 [OK]
Account      21
584111F7.gpd 24, 31, 44, 76, 160, 94, 156, 10, 36, 32, 34, 30, 35, 38, 33, 43, 19, 39, 48, 23, 22 [OK] [Minecraft]
             96, 135
373307D9.gpd 116, 119, 321, ?
58410B7A.gpd 120, 121, 220, ?
             122
             127, 128, 542
57520829.gpd 141, 142, 146, 147, 252
